10000
10000
10012,5
10052,5
10092,5
10120
10147,5
10187,5
10215
10215
10230
10245
10260
10275
10275
10275
10275
10275
10275
10275
10275
10275
10275
10275
10275
10275
10275
10275
8275
8275
8275
8275
8275
8275
8275
8275
8275
8275
8275
8275
8275
8275
8275
8275
8275
8275
8275
8275
8275
8275
8275
8275
8275
8275
8275
8275
8275
8275
8275
8275
8275
8275
8275
8275
8275
8275
8275
8275
8275
8275
8275
8275
8275
8275
8275
8275
8275
8275
8275
8275
8275
8275
8275
8275
8275
8275
8275
8275
8275
8275
8275
8275
8275
8275
8275
8275
8275
8275
8275
8275
8275
8275
8275
8275
8275
8275
8275
8275
8275
8275
8275
8275
8275
8275
8275
8275
8275
8275
8275
8275
8275
8275
8275
8275
8275
8275
8275
8275
8275
8275
8275
8275
8275
8275
8275
8275
8275
8275
8275
8275
8275
8275
8275
8275
8275
8275
8275
8275
8275
8275
8275
8275
8275
8275
8275
8275
8275
8275
8275
8275
8275
8275
8275
8275
8275
8275
8275
8275
8275
8275
8275
8275
8275
8275
8275
8275
8275
8275
8275
8275
8275
8275
8275
8275
8275
8275
8275
8275
8275
8275
8275
8275
8275
8275
8275
8275
8275
8275
8275
8275
8275
8275
8275
8275
8275
8275
8275
8275
8275
8275
8275
8275
8275
8275
8275
8275
8275
8275
8275
8275
8275
8275
8275
8275
8275
8275
8275
8275
8275
8275
8275
8275
8275
8275
8275
8275
8275
8275
8275
8275
8275
8275
8275
8275
8275
8275
8275
8275
8275
8275
8275
8275
8275
8275
8275
8275
8275
8275
8275
8275
8275
8275
8275
8275
8275
8275
8275
8275
8275
8275
8275
8275
8275
8275
8275
8275
8275
8275
8275
8275
8275
8275
8275
8275
8275
8275
8275
8275
8275
8275
8275
8275
8275
8275
8275
8275
8275
8275
8275
8275
8275
8275
8275
8275
8275
8275
8275
8275
8275
8275
8275
8275
8275
8275
8275
8275
8275
8275
8275
8275
8275
8275
8275
8275
8275
8275
8275
8275
8275
8275
8275
8275
8275
8275
8275
8275
