10049.6
9925.066
9625.467
9346.267
9204.667
9223.066
9241.467
9259.867
9278.267
9296.667
9315.066
9333.467
9351.867
9370.267
9388.667
9407.066
9425.467
9443.867
9462.267
9480.667
9499.066
9517.467
9535.867
9554.267
9572.667
9591.066
9609.467
9627.867
9646.267
9664.667
9683.066
9701.467
9719.867
9738.267
9756.667
9775.066
9793.467
9811.867
9830.267
9848.667
9867.066
9885.467
9903.867
9922.267
9940.667
9959.066
9977.467
9995.867
10014.27
10032.67
10051.07
10069.47
10087.87
10106.27
10124.67
10143.07
10161.47
10179.87
10198.27
10216.67
10231.73
10253.33
10271.73
10290.13
10308.53
10326.93
10345.33
10363.73
10382.13
10400.53
10418.93
10437.33
10455.73
10474.13
10492.53
10510.93
10529.33
10547.73
10566.13
10584.53
10612.93
10621.73
10640.13
10658.53
10676.93
10695.33
10713.73
10732.13
10750.53
10768.93
10787.33
10812.4
10824.4
10842.8
10861.2
10879.6
10904.67
10906.67
10934.67
10953.07
10971.47
10989.87
11008.27
11026.67
11045.07
11063.47
11081.87
11100.27
11118.67
11137.07
11155.47
11173.87
11192.27
11221.47
11181.07
11228.27
11247.47
11266.67
11285.07
11304.27
11322.67
11341.87
11361.07
11379.47
11398.67
11417.07
11436.27
11455.47
11473.87
11496.4
11531.6
11531.6
11550.8
11569.2
11588.4
11606.8
11626
11645.2
11663.6
11682.8
11701.2
11720.4
11739.6
11758
11777.2
11795.6
11824.8
11817.73
11852.13
11871.33
11876.4
11895.07
11907.07
11874.67
11871.07
11885.87
11901.47
11907.07
11931.47
11957.07
11962.27
11977.87
11983.47
12007.87
12033.47
12028.67
12053.87
12069.47
12114.27
12154.4
12168
12182.27
12223.07
12220.67
12238.27
12255.07
12266
12290
12306.8
12334.4
12351.6
12339.6
12346.4
12355.33
12361.47
12373.07
12388.67
12404.27
12409.07
12437.6
12459.2
12465.2
12480.8
12502.27
12511.47
12526.27
12541.87
12547.47
12571.87
12597.47
12592.67
12607.87
12646.4
12658.4
12667.73
12672.67
12684.67
12719.87
12738.4
12741.2
12746
12751.2
12786
12804.13
12826.53
12821.73
12856.93
12866.27
12867.87
12903.07
12898.27
12936.8
12942.93
12954.53
12970.13
12974.93
13010.13
13016.13
13024.27
13056.27
13064.8
13067.2
13105.73
13107.73
13113.33
13147.73
13143.73
13178.93
13190.8
13203.33
13214.93
13220.53
13245.73
13263.87
13276.27
13291.07
13306.67
13322.27
13327.07
13352.27
13380.4
13383.2
13398.8
13413.6
13429.2
13437.33
13459.33
13484.93
13480.13
13505.33
13530.13
13529.47
13551.47
13579.6
13589.07
13597.47
13603.07
13628.27
13653.07
13649.07
13663.47
13698.67
13708
13709.6
13734.8
13749.6
13755.2
13793.73
13785.73
13820.93
13829.47
13831.87
13867.07
13872.27
13881.2
13912.4
13921.73
13934.13
13948.93
13954.53
13988.93
13994.93
14000.53
14038.27
14041.07
14045.87
14071.07
14076.67
14101.07
14130
14135.33
14141.07
14163.07
14167.87
14173.07
14190.4
14195.33
14206.53
14250.13
14255.73
14280.13
14305.73
14311.73
14326.53
14332.13
14359.87
14372.27
14387.87
14412.67
14408.67
14433.07
14452
14477.73
14479.73
14485.33
14509.73
14525.33
14530.93
14565.33
14571.33
14589.47
14585.2
14626.8
14622
14657.2
14652.4
