10039,2
10254
10512,4
10848
11219,2
11540,8
11908,4
12274,8
12657,2
13036
13391,2
13708,8
14026,4
14316
14633,6
14940
15254,8
15569,6
15862
16174
16483,2
16792,4
17110
17391,2
17722,8
18026,4
18330,8
18675,6
10296,4
10618,8
10916
11246,8
11549,6
11841,2
12169,2
12466,4
12800
13102,8
13400
13719,6
14016,8
14347,6
14653,2
14947,6
15270
15586,8
15895,2
16203,6
16500,8
16820,4
17120,4
17459,6
17748,4
18045,6
18350,4
18663,2
10710,8
11031,2
11334
11630
11945,2
12234
12544,4
12848,4
13142
13458,4
13749,6
14062
14374
14669,6
14980
15273,2
15583,6
15891,6
16185,2
16503,6
16790,8
17105,2
17413,2
17706,8
18020,4
18324
18617,2
18918,8
9756
10051,2
10360,8
10653,6
10963,2
11264,4
11565,6
11875,2
12168
12477,6
12778,8
13080
13389,6
13682,4
13992
14293,2
14594,4
14904
15196,8
15506,4
15807,6
16108,8
16418,4
16711,2
17018
17327,6
17626
17978,8
9684,8
10022,8
10336,4
10638
10940,4
11228,4
11563,6
11872,4
12180,4
12482,8
12782,8
13114
13424,8
13726,8
14031,2
14333,2
14656,4
14975,2
15269,2
15577,6
15883,6
16202,8
16527,6
16825,6
17133,6
17432,4
17742
18060
10286,8
10597,6
10921,6
11206,8
11537,2
11818
12146,8
12464,8
12754
13076,4
13359,2
13690
14004
14297,2
14611,6
14898,4
15233,2
15539,2
15842,4
16160,8
16441,6
16780,4
17082,4
17386,8
17707,6
18010
18297,6
18607,6
11842
12126
12428,8
12727,2
13042,4
13342,4
13636,4
13930,4
14241,6
14552,8
14865,2
15168,4
15453,2
15758,8
16057,6
16359,2
16672,8
16971,6
17283,6
17596,8
17910,4
18196
18496,8
18794,4
19102,8
19398
19698,4
20064,4
12178
12510,4
12794,4
13122,8
13444,4
13720
14055,6
14341,6
14663,2
14996,8
15265,6
15595,2
15874,4
16207,6
16541,2
16816
17153,6
17432,8
17766
18087,6
18370,4
18706
18983,2
19314,4
19633,6
19939,6
20220,8
20522
13328
13622,8
13942
14219,6
14542,8
14830,8
15147,6
15462,8
15746,4
16077,6
16365,6
16680,4
17007,6
17283,2
17614,4
17896,4
18213,2
18534,4
18814
19141,2
19427,2
19746
20061,2
20344,8
20654,8
20970
21261,2
21559,6
14442,8
14736,8
15047,6
15362,8
15648,4
15973,6
16267,6
16580,4
16907,6
17187,2
17512,4
17800,4
18119,2
18442,4
18718
19043,2
19329,2
19648
19963,2
20248,8
20572
20862
21168,8
21484
21783,2
22063,6
22271,6
22405,6
14742,8
15022
15297,6
15614,8
15896,4
16211,6
16538,8
16820,4
17139,6
17425,2
17746,4
18061,6
18345,2
18666,4
18946
19271,2
19586,4
19872
20195,2
20478,8
20800
21119,2
21404,8
21727,2
21988
22269,6
22413,6
22540,4
15649,6
15892,4
16150,4
16427,2
16685,2
16976,4
17259,2
17525,2
17804
18070
18367,2
18644
18906
19188,8
19452,8
19746
20024,8
20298,8
20573,6
20829,6
21126,8
21409,6
21679,6
21918
22161,2
22380
22506,4
22606,4
