96
237
387
470
565
660
766
853
951
1052
1140
1243
1346
1449
1535
1623
1728
1823
1920
2011
2106
2197
2290
2391
2482
2597
2704
2789
2897
3007
3122
3223
3335
3441
3551
3664
3775
3879
3996
4114
4245
4368
4488
4603
4709
4807
4924
5038
5158
5268
5393
5523
5641
5745
5864
5983
6111
6248
6385
6523
6662
6786
6915
7044
7181
7309
7437
7577
7700
7825
7962
8094
8235
8370
8507
8646
8775
8921
9052
9201
9339
9464
9603
9749
9863
9980
10088
10196
10322
10437
10548
10671
10792
10904
11014
11128
11243
11358
11463
11568
11677
11781
11896
12012
12125
12239
12359
12463
12573
12682
12802
12923
13016
13118
13211
13316
13428
13526
13627
13731
13837
13934
14036
14143
14228
14334
14441
14551
14650
14747
14871
14965
15070
15157
15262
15355
15450
15565
15672
15766
15860
15950
16027
16112
16179
16267
16342
16434
16516
16610
16710
16794
16879
16974
17059
17176
17270
17403
17514
17632
17736
17858
17959
18060
18164
18287
18386
18504
18610
18707
18810
18900
18984
19071
19163
19260
19346
19444
19552
19642
19737
19851
19947
20042
20153
20275
20378
20493
20621
20728
20836
20948
21058
21173
21283
21407
21512
21621
21733
21832
21940
22055
22164
22277
22375
22496
22617
22724
22831
22941
23061
23176
23284
23395
23512
23621
23732
23856
23965
24077
24192
24300
24418
24536
24647
24757
24865
24973
25092
25205
25323
25438
25548
25661
25779
25881
25990
26102
26219
26325
26440
26570
26675
26788
26905
27024
27134
27251
27346
27462
27568
27683
27774
27865
27963
28051
28139
28237
28341
28433
28522
28616
28715
28807
28896
28999
29099
29190
29273
29374
29475
29565
29661
29759
29839
29923
30007
30113
30203
30285
30392
30498
30620
30738
30850
30960
31071
31180
31285
31397
31510
31639
31756
31871
31988
32112
32211
32322
32436
32542
32638
32748
32858
32966
33093
33202
33324
33436
33521
33623
33715
33792
33886
33978
34076
34174
34269
34362
34444
34537
34630
34719
34798
34891
34989
35077
35169
35261
35365
35459
35548
35645
35731
35825
35913
36002
