19
25
35
46
79
104
99
101
110
134
168
152
147
180
212
193
168
155
147
179
214
245
279
313
344
377
409
443
463
483
497
466
429
390
352
309
270
235
195
157
115
75
78
98
118
136
155
176
196
218
237
257
276
295
316
335
367
400
434
467
500
532
565
600
633
666
699
734
768
802
835
869
902
937
968
1001
1029
1026
1002
971
943
920
899
882
849
813
787
763
741
712
682
655
631
611
582
554
528
502
481
452
423
397
371
350
322
293
267
242
220
192
163
147
142
143
143
168
200
234
266
300
335
368
401
432
464
498
532
566
601
635
669
702
737
768
803
836
868
902
936
966
987
1007
1028
1047
1067
1089
1109
1129
1149
1168
1186
1205
1224
1244
1264
1286
1306
1327
1347
1364
1385
1404
1424
1444
1465
1485
1505
1523
1530
1536
1543
1549
1555
1562
1569
1576
1583
1589
1595
1601
1607
1614
1621
1628
1636
1644
1649
1655
1662
1668
1675
1682
1688
1695
1702
1709
1709
1709
1709
1709
1709
1709
1709
1709
1709
1709
1709
1709
1709
1709
1709
1709
1709
1709
1709
1709
1709
1709
1709
1709
1709
1709
1709
1709
1709
1709
1709
1709
1709
1709
1709
1709
1709
1709
1709
1709
1709
1709
1709
1709
1709
1709
1709
1709
1709
1709
1709
1709
1709
1709
1709
1709
1709
1709
1709
1709
1709
1709
1709
1709
1709
1709
1709
1709
1709
1709
1709
1709
1709
1709
1709
1709
1709
1709
1709
1709
1709
1709
1709
1709
1709
1709
1709
1709
1709
1709
1709
1709
1709
1709
1709
1709
1709
1709
1709
1709
1709
1709
1709
1709
1709
1709
1709
1709
1709
1709
1709
1709
1709
1709
1709
1709
1709
1709
1709
1709
1709
1709
1709
1709
1709
1709
1709
1709
1709
1709
1709
1709
1709
1709
1709
1709
1709
1709
1709
1709
