256,8
637,4
1131,4
1714,2
2215,2
2797,4
3349
3928
4486
5028
5530,8
6046,8
6510
7020
7503,6
8000,4
8510,4
8967,6
9477,6
9961,2
10458
10968
11425,2
11935,2
12018,8
11512,8
9875,2
8218,8
4736
5187,2
5717,6
6221,6
6686
7203,2
7654,4
8184,8
8688,8
9153,2
9670,4
10121,6
10652
11156
11620,4
12137,6
12588,8
13119,2
13623,2
14087,6
14604,8
15056
15586,4
15890,4
16159,2
15353,6
14330
13150,8
9313,2
9604,8
9803,6
10166,4
10384,8
10549,2
10847,6
11129,6
11408
11612,8
11771,6
12082,8
12368
12636,8
12844,8
13000,4
13305,2
13587,2
13868,8
14067,2
14329,2
14534
14816
15094,4
15201,2
14060,4
13650,8
12406,8
8878,4
9359,6
9854
10322
10816,4
11297,6
11778,8
12273,2
12741,2
13235,6
13716,8
14198
14692,4
15160,4
15654,8
16136
16617,2
17111,6
17579,6
18074
18555,2
19036,4
19530,8
19998,8
20388,8
19083,2
18666,4
16700
14971,2
15182,8
15406,8
15583,6
16055,2
16248,8
16453,2
16670
16838
17328,8
17516
17723,6
17930,8
18202
18596
18770,4
18990,8
19185,2
19662,8
19863,2
20031,2
20261,2
20462
20930
20545,6
19789,6
18604,4
17616,8
13125,2
13367,6
13548,4
13734,8
13935,2
14392,4
14625,2
14812,4
14986
15289,6
15650
15876,4
16070
16230,8
16740,8
16907,6
17121,2
17330,8
17498
17998,4
18171,6
18378,8
18594,8
18670,4
18542,8
17272
16530,8
14966,4
9111,6
9291,2
9281,6
9358,8
9356
9426
9618,4
9776
9673,2
9832
10033,6
10124
10185,6
10189,6
10244,8
10545,6
10549,6
10608
10634,8
10600
10878
10985,2
11034
11044,4
11011,6
10396
9382,4
8036,8
7994,4
8003,2
8167,6
8282,8
8509,6
8454,8
8584,8
8743,2
8851,2
8894
8925,6
9149,6
9213,6
9330,8
9461,2
9405,6
9629,6
9693,6
9791,6
9934,8
9876
10096,8
10157,6
10265,2
9692
8666,4
8046,4
6952
5225,6
5121,2
5217,2
5279,6
5278,8
5257,6
5146,8
5352,4
5327,6
5326,8
5302,4
5210,8
5403,6
5378,8
5368,4
5347,2
5246
5445,2
5414
5410
5392
5281,2
5486,8
5446
5130,8
3939,6
3198
1986,8
1895,6
1764,8
1654
1762,8
1628,4
1537,2
1409,6
1318
1417,2
1282,8
1182
1064
966
1058,8
924,4
820,4
702,4
591,6
700,4
562,8
465,2
328
417,2
338,8
290,8
280,8
195,2
171,2
316
408,8
361,6
364
313,6
335,2
337,6
293,6
402,4
361,6
364
369,6
328,8
428
393,6
396
504,8
367,2
472,8
432
440,8
549,6
415,2
384,4
329,6
212,8
188,8
146,4
346,4
284,4
299,2
337,2
361,6
325,6
376,4
294,4
345,2
279,2
333,6
378
302,4
350
277,6
335,2
298,8
310,4
345,2
279,2
343,2
300,4
312
296
258,8
174
147,2
175,2
