20000
20000
20025
20105
20185
20240
20295
20375
20430
20430
20460
20490
20520
20550
20550
20550
20550
20550
20550
20550
20550
20550
20550
20550
20550
20550
20550
20550
16550
16550
16550
16550
16550
16550
16550
16550
16550
16550
16550
16550
16550
16550
16550
16550
16550
16550
16550
16550
16550
16550
16550
16550
16550
16550
16550
16550
16550
16550
16550
16550
16550
16550
16550
16550
16550
16550
16550
16550
16550
16550
16550
16550
16550
16550
16550
16550
16550
16550
16550
16550
16550
16550
16550
16550
16550
16550
16550
16550
16550
16550
16550
16550
16550
16550
16550
16550
16550
16550
16550
16550
16550
16550
16550
16550
16550
16550
16550
16550
16550
16550
16550
16550
16550
16550
16550
16550
16550
16550
16550
16550
16550
16550
16550
16550
16550
16550
16550
16550
16550
16550
16550
16550
16550
16550
16550
16550
16550
16550
16550
16550
16550
16550
16550
16550
16550
16550
16550
16550
16550
16550
16550
16550
16550
16550
16550
16550
16550
16550
16550
16550
16550
16550
16550
16550
16550
16550
16550
16550
16550
16550
16550
16550
16550
16550
16550
16550
16550
16550
16550
16550
16550
16550
16550
16550
16550
16550
16550
16550
16550
16550
16550
16550
16550
16550
16550
16550
16550
16550
16550
16550
16550
16550
16550
16550
16550
16550
16550
16550
16550
16550
16550
16550
16550
16550
16550
16550
16550
16550
16550
16550
16550
16550
16550
16550
16550
16550
16550
16550
16550
16550
16550
16550
16550
16550
16550
16550
16550
16550
16550
16550
16550
16550
16550
16550
16550
16550
16550
16550
16550
16550
16550
16550
16550
16550
16550
16550
16550
16550
16550
16550
16550
16550
16550
16550
16550
16550
16550
16550
16550
16550
16550
16550
16550
16550
16550
16550
16550
16550
16550
16550
16550
16550
16550
16550
16550
16550
16550
16550
16550
16550
16550
16550
16550
16550
16550
16550
16550
16550
16550
16550
16550
16550
16550
16550
16550
16550
16550
16550
16550
16550
16550
16550
16550
16550
16550
16550
16550
16550
16550
16550
16550
16550
16550
16550
16550
16550
16550
16550
16550
16550
16550
16550
16550
16550
16550
16550
