50169
51443
53012
54941
56846
58736
60541
62285
64070
65940
67825
69730
71439
73047
74939
76835
78510
79758
81069
82552
84578
86487
88071
89655
91239
92911
94561
96145
49808
51251
52874
54917
56907
58635
59713
60869
62571
64013
65572
66624
67637
68637
69685
71298
73142
74973
76791
78635
80505
82362
84128
85712
87296
88880
90486
92147
50342
51882
53466
55039
56623
58207
59780
61364
62970
64554
66127
67711
69295
70868
72452
74058
75642
77215
78799
80207
81675
83598
85631
87410
88902
90540
92005
93568
49566
51087
52594
54158
55672
57169
58794
60107
61502
63088
64574
66047
67683
69293
70833
72308
73814
75443
76994
78604
80123
81572
83190
84787
86314
87631
88847
90102
48063
49566
51113
52682
54614
56673
58309
59882
61455
63072
64612
66196
67813
69397
70970
72543
74160
75700
77284
78901
80485
82058
83631
85248
86788
88372
90022
91628
50056
51607
53213
54775
56348
57943
59549
61111
62695
64301
65863
67436
69031
70637
72188
73794
75389
76940
78524
80108
81725
83276
84882
86477
88017
89612
91218
92890
51019
52559
54165
55694
57289
58895
60512
62030
63647
65253
66782
68377
69983
71600
73118
74735
76341
77870
79465
81071
82688
84206
85823
87429
88958
90542
92137
93787
54747
56320
57915
59455
61039
62656
64262
65802
67408
69003
70543
72127
73744
75350
76890
78496
80091
81631
83215
84832
86438
87978
89584
91179
92719
94325
95931
97471
57710
59316
60856
62418
64035
65641
67203
68765
70393
71944
73495
75123
76718
78324
79853
81470
83032
84605
86200
87806
89412
90941
92558
94120
95693
97288
98894
100511
60662
62268
63830
65392
66987
68593
70221
71772
73334
74918
76524
78097
79670
81287
82871
84422
85995
87612
89185
90758
92375
93959
95510
97083
98700
100273
101846
103507
63713
65198
66771
68355
69928
71468
73030
74570
76143
77650
79201
80741
82270
83788
85350
86835
88419
89926
91488
92973
94546
96053
97615
99111
100684
102191
103753
105238
64212
65587
67061
68568
70130
71637
73199
74695
76268
77775
79337
80833
82406
83913
85464
86982
88544
90051
91613
93109
94682
96178
97751
99247
100787
102305
103845
105165
