110408,8
111450
112666,6
114271
115595,8
117271,2
118640,6
120058,2
121484,8
122886,0
124372,8
125945,2
127325,6
128926,0
130408,4
131950
133531,2
134920,4
136524
138012
139550,8
141137,6
142524
144138,8
145607,2
147143,6
148931,2
150238,4
104457,6
105815,2
107486,0
109027,2
110452,4
112080,8
113432,8
115103,6
116642,0
118067,2
119690,0
121050,4
122721,2
124262,4
125684,8
127310,4
128668
130319,2
131882,8
133302,4
134925,2
136285,6
137953,6
139486,4
140941,6
142484,4
143955,6
145582,8
105823,2
107334,8
108892,0
110324,0
111940,8
113388
114937,6
116433,6
117928
119495,6
120920,4
122516
124016
125472,4
127058
128468,8
130042,4
131534,4
133040,8
134582,4
136023,2
137592,8
139084,8
140579,2
142157,6
143570
145108,8
146511,2
100798,0
102302,8
103841,2
105300,4
106838,8
108337,6
109836,4
111374,8
112834,0
114372,4
115871,2
117370,0
118908,4
120367,6
121906,0
123404,8
124903,6
126442,0
127901,2
129439,6
130938,4
132437,2
133975,6
135434,8
136960
138498,4
140008
141643,2
99849,2
101407,2
103037,6
104508
105957,6
107505,6
109042,4
110653,6
112085,6
113607,2
115119,2
116672
118245,2
119695,2
121226,8
122688,8
124297,6
125814,8
127296,8
128848,4
130282,4
131931,2
133466,4
134908,4
136516,4
137869,6
139472
141058
102091,2
103796,4
105260,4
106787,2
108316,8
109740
111391,2
112885,2
114360
115909,6
117342,8
118968
120490
121912,8
123494,4
124947,6
126520,8
128110,8
129547,6
131089,2
132572,4
134117,6
135735,6
137203,2
138638,4
140304
141728,4
143414,4
109608
111120,0
112653,2
114142,8
115687,6
117147,6
118697,6
120119,6
121668,4
123073,2
124632,8
126161,6
127604,8
129183,2
130588,4
132158,8
133729,2
135146,4
136802,4
138229,2
139699,6
141310
142689,2
144299,6
145739,2
147256
148775,6
150473,6
110620
112171,6
113611,6
115191,2
116821,6
118202
119830,4
121248,4
122810,8
124489,2
125828,4
127442,8
128891,6
130478,4
132112,8
133494
135100,4
136549,2
138064
139758,4
141119,6
142716
144154,8
145707,6
147344,4
148802,4
150309,2
151892
115826
117379,2
118908
120358,4
121895,2
123395,2
124902,4
126471,2
127963,6
129492,4
130980,4
132561,6
134070,4
135570,8
137063,6
138569,6
140112,8
141651,6
143124
144644,8
146158,8
147664
149232,8
150665,2
152163,2
153744
155164,8
156690,4
121063,2
122521,2
124034,4
125615,2
127069,6
128640,4
130110,4
131693,6
133226,4
134686,8
136221,6
137733,6
139286,8
140799,6
142264
143786,8
145300,8
146806
148386,8
149829,2
151378
152816
154333,2
155962,0
157350,8
158526,4
159122,4
159648,4
121927,2
123484
124900,4
126455,2
127853,6
129482,4
131027,2
132449,6
134026,4
135456,8
137007,6
138576,4
140008,8
141547,6
143008
144554,8
146135,6
147578
149138,8
150571,2
152146
153722,8
155177,2
156602,8
158006,0
158780,4
159296,4
159757,6
125896,4
127285,6
128575,6
129930,8
131256,8
132693,6
134090,8
135384,8
136786
138140
139534,8
140914
142236
143621,2
144953,2
146364
147813,2
149075,2
150420,4
151784,4
153215,2
154636,4
155902,4
157100,0
158212,8
158798,0
159319,6
159699,6
