30212,8
30180
30109,6
30052
29536,8
29615,2
29157,6
28759,2
28284,8
27792
27508,8
27499,2
27297,6
27456
27350,4
27360
27367,2
27182,4
27324
27252
27244,8
27285,6
27084
27292,8
27103,2
27121,6
27387,2
26970,4
27085,6
26831,2
27016
26903,2
26814,4
26984,8
26696,8
26881,6
26752
26663,2
26800
26562,4
26747,2
26634,4
26528,8
26682,4
26428
26495,2
26516,8
26394,4
26531,2
26293,6
26461,6
26298,4
26309,6
26366,4
26313,6
26376,8
26379,2
26288,8
26332
26284
26324,8
26328
26325,6
26301,6
26328
26313,6
26282,4
26316
26256
26234,4
26268
26212,8
26234,4
26186,4
26224,8
26174,4
26179,2
26176,8
26128,8
26155,2
26165,6
26060
26132,8
26027,2
26128
26156,8
26147,2
26142,4
26132,8
26125,6
26118,4
26108,8
26104
26094,4
26087,2
26080
26070,4
26065,6
26056
26048,8
26041,6
26032
26027,2
26017,6
26010,4
26003,2
25993,6
25988,8
25980
25970,4
25988
25859,2
25535,2
25403,2
25465,6
25428
25365,6
25473,6
25334,4
25401,6
25293,6
25303,2
25315,2
25212
25231,2
25171,2
25180,8
25132,8
25125,6
25048,8
25060,8
25070,4
24974,4
25027,2
24938,4
24890,4
24958,4
24817,6
24872
24868
24767,2
24918,4
24762,4
24863,2
24740,8
24760
24767,2
24671,2
24700
24637,6
24656,8
24628
24580
24536,8
24546,4
24565,6
24464,8
24524,8
24445,6
24395,2
24474,4
24325,6
24433,6
24379,2
24210,4
24364
24350,4
24486,4
24508
24600
24619,2
24616,8
24585,6
24545,6
24625,6
24577,6
24570,4
24419,2
24416,8
24429,6
24448,8
24499,2
24410,4
24472,8
24475,2
24398,4
24494,4
24355,2
24257,6
24440
24315,2
24437,6
24335,2
24376
24393,6
24261,6
23840
23729,6
23749,6
23687,2
23709,6
23712
23662,4
23650,4
23604,8
23615,2
23610,4
23576,8
23629,6
23550,4
23516,8
23524
23442,4
23495,2
23344
23430,4
23377,6
23296
23348,8
23245,6
23286,4
23214,4
23315,2
23392
23296
23375,2
23308
23370,4
23291,2
23351,2
23274,4
23267,2
23341,6
23214,4
23262,4
23269,6
23142,4
23264,8
23101,6
23197,6
23156,8
23089,6
23164
23048,8
23132,8
23044
23036,8
23051,2
22999,2
23004
22968,8
23002,4
22959,2
22947,2
22906,4
22911,2
22937,6
22882,4
22882,4
22901,6
22798,4
22860,8
22769,6
22841,6
22800,8
22697,6
22784
22680,8
22764,8
22676
22680,8
22695,2
22628
22616
22599,2
22652
22544,8
22318,4
21874,4
21730,4
22323,2
22484
22522,4
22491,2
22481,6
22534,4
22443,2
22457,6
22438,4
22440,8
22385,6
22378,4
22392,8
22325,6
22388
22308,8
22313,6
22328
22272,8
22287,2
22256
22236,8
22263,2
22076,8
22176
21542,4
21338,4
21165,6
21758,4
21933,6
21933,6
21904,8
21940,8
21921,6
21904,8
21868,8
21876
21900
21808,8
21804
21816
21787,2
21799,2
21744
21799,2
21691,2
21662,4
21746,4
21691,2
21698,4
21614,4
21620
21516,8
21008
20897,6
20777,6
